# EUR
1 8378
1 8823
1 5344
1 1033
1 1741
1 5080
1 4250
1 7371
1 2633
1 8408
1 2515
1 8408
1 4617
1 8273
1 1832

# RUS
1 8130
1 9028
1 1476
1 8608
1 2942
1 2864
1 7782
1 5302
1 2214
1 5573
1 3134
1 7661
1 4975
1 800

# GCH
1 8937
1 1258
1 587
1 9627
1 1028
1 5399
1 10516
1 1646
1 9918
1 5119
1 12660
1 1936

# AFR
1 339
1 12167
1 1595
1 107
1 4237
1 512
1 9422
1 9908
1 10259
1 10401

# LUN
1 782
1 196
1 6474
1 3985
1 6464

# AEM
1 4381
1 4292
1 7451
1 2853
1 1121
1 9162
1 5798
1 11111
1 2930
1 5824
1 3019
1 4059