
strategic_region={
	id=2
	name="STRATEGICREGION_2"
	provinces={
		23 24 54 100 181 202 217 356 471 502 549 596 601 736 737 746 747 771 800 817 859 889 894 937 946 1016 1079 1187 1262 1272 1278 1325 1338 1356 1364 1387 1389 1444 1476 1498 1513 1526 1530 1533 1568 1601 1633 1691 1695 1716 1721 1732 1746 1763 1828 1865 1869 1891 1993 2016 2058 2101 2105 2187 2191 2199 2214 2261 2389 2422 2431 2433 2467 2470 2513 2516 2531 2539 2551 2608 2620 2655 2668 2678 2702 2774 2827 2836 2844 2851 2860 2913 2939 2942 2970 2988 3007 3080 3104 3134 3259 3308 3327 3335 3366 3397 3408 3435 3444 3458 3471 3544 3603 3617 3640 3667 3710 3718 3744 3842 3877 3895 3992 4026 4032 4094 4098 4106 4147 4151 4198 4224 4258 4278 4306 4376 4399 4426 4459 4481 4493 4494 4518 4528 4556 4619 4624 4647 4670 4741 4814 4838 4885 4906 4940 4947 4958 4959 4975 5012 5084 5143 5191 5202 5204 5221 5233 5245 5285 5331 5383 5386 5411 5426 5444 5488 5509 5520 5573 5602 5622 5640 5662 5756 5821 5825 5892 5930 5932 6056 6061 6078 6115 6116 6150 6182 6189 6241 6246 6271 6337 6379 6407 6859 6895 6902 6973 7000 7001 7011 7012 7028 7046 7047 7072 7075 7093 7101 7108 7118 7128 7129 7142 7161 7162 7183 7184 7189 7198 7199 7204 7214 7215 7224 7225 7235 7236 7247 7248 7258 7278 7287 7290 7305 7306 7307 7308 7309 7318 7319 7320 7321 7331 7332 7358 7359 7372 7373 7374 7375 7382 7383 7384 7417 7418 7419 7420 7424 7425 7426 7435 7436 7437 7452 7453 7454 7455 7456 7479 7480 7481 7487 7498 7499 7500 7513 7514 7520 7521 7522 7523 7532 7533 7534 7535 7554 7563 7578 7579 7610 7622 7630 7639 7640 7641 7642 7654 7661 7662 7674 7675 7676 7688 7689 7702 7711 7712 7713 7726 7727 7749 7750 7761 7762 7775 7776 7782 7794 7795 7796 7797 7815 7816 7817 7818 7819 7828 7843 7859 7869 7870 7878 7888 7897 7898 7899 7900 7906 7919 7920 7930 7931 7938 7946 7959 7966 7978 7979 7992 7993 8011 8012 8027 8038 8039 8040 8041 8052 8053 8067 8089 8090 8091 8092 8102 8103 8120 8129 8130 8131 8140 8150 8161 8169 8170 8197 8213 8214 8215 8225 8250 8263 8264 8265 8275 8276 8287 8294 8295 8304 8317 8333 8343 8379 8380 8398 8399 8433 8451 8452 8464 8473 8484 8485 8495 8496 8505 8506 8531 8544 8559 8571 8584 8608 8609 8623 8635 8663 8677 8741 8752 8765 8787 8800 8839 8840 8862 8918 9028 9080 9149 16276 16526 16809 17160 18411 18452 19081 19112 19886 
	}
	weather={
	}
}
