
strategic_region={
	id=3
	name="STRATEGICREGION_3"
	provinces={
		6 19 30 112 124 131 142 199 255 335 338 345 351 383 384 400 406 488 505 587 590 664 685 705 711 717 740 786 788 844 999 1028 1031 1067 1083 1090 1152 1173 1176 1181 1223 1227 1236 1237 1238 1247 1260 1309 1327 1334 1342 1384 1403 1421 1425 1565 1590 1593 1646 1655 1658 1669 1674 1689 1690 1694 1722 1784 1791 1844 1871 1875 1880 1881 1886 1896 1900 1907 1927 1936 1948 2107 2175 2209 2226 2228 2229 2240 2242 2245 2275 2285 2361 2365 2382 2390 2400 2401 2505 2541 2559 2577 2587 2591 2610 2648 2661 2710 2744 2826 2829 2848 2864 2878 2894 2910 2920 2995 3001 3029 3031 3040 3090 3120 3132 3137 3203 3222 3225 3282 3290 3298 3306 3337 3373 3389 3411 3493 3509 3530 3552 3555 3568 3573 3587 3608 3636 3678 3738 3846 3849 3851 3853 3881 3899 3903 3933 3943 4031 4067 4103 4105 4109 4125 4168 4171 4282 4321 4337 4428 4431 4433 4478 4485 4510 4559 4602 4618 4651 4652 4688 4695 4706 4718 4735 4748 4754 4765 4784 4788 4832 4847 4886 4954 5043 5056 5119 5145 5147 5155 5157 5193 5264 5299 5302 5335 5398 5399 5419 5438 5448 5450 5454 5496 5523 5534 5567 5595 5620 5652 5711 5729 5731 5770 5827 5861 5967 5981 6011 6082 6095 6101 6121 6149 6171 6173 6185 6193 6239 6264 6287 6310 6353 6420 8277 8334 8344 8360 8367 8386 8409 8410 8434 8465 8470 8497 8507 8572 8598 8636 8637 8694 8702 8714 8729 8730 8742 8743 8766 8814 8815 8833 8841 8854 8863 8874 8885 8886 8887 8926 8937 8948 8949 8987 8998 8999 9000 9014 9029 9049 9050 9066 9081 9082 9102 9103 9104 9115 9128 9129 9130 9139 9140 9163 9172 9182 9200 9225 9226 9227 9238 9239 9240 9253 9254 9255 9272 9283 9292 9293 9314 9363 9374 9389 9390 9391 9402 9434 9435 9443 9444 9452 9478 9489 9529 9530 9554 9564 9565 9581 9582 9595 9625 9626 9627 9652 9664 9665 9666 9681 9682 9683 9694 9704 9728 9729 9739 9740 9753 9754 9762 9763 9788 9794 9801 9802 9831 9850 9874 9896 9911 9912 9918 9919 9920 9957 9958 9982 9983 10005 10006 10017 10026 10033 10034 10048 10065 10077 10078 10079 10096 10097 10139 10152 10173 10174 10175 10188 10199 10208 10220 10237 10238 10239 10270 10279 10280 10290 10315 10316 10330 10331 10353 10387 10388 10404 10415 10446 10479 10516 10550 10595 10596 10617 10671 10704 10717 10718 10727 10773 10814 10815 10876 10932 10976 11018 11128 11154 11228 11239 11325 11353 11382 11420 11443 11457 11467 11519 11526 11534 11583 11615 11619 11675 11691 11731 11743 11782 11821 11858 11904 11936 11961 12089 12123 12197 12205 12251 12328 12337 12374 12378 12395 12415 12445 12452 12453 12508 12509 12510 12536 12547 12548 12573 12585 12603 12625 12626 12660 12667 12685 12710 12720 12726 12738 12749 12761 12765 12777 12810 12828 12829 12860 12881 12897 12934 12939 12947 12963 12979 12984 13410 13517 13646 14045 14284 14424 14507 14566 14572 14968 15161 15170 15415 15430 15775 15791 15886 15967 15977 16072 16125 16296 16466 16524 16553 16593 16660 16923 17047 17072 17086 17120 17164 17176 17221 17239 17265 17272 17287 17340 17407 17411 17485 17679 17804 17807 17837 17859 17922 18159 18164 18170 18180 18192 18331 18349 18437 18474 18496 18497 19188 19199 19210 19226 19241 19267 19277 19282 19309 19332 19347 19348 19359 19389 19391 19419 19423 19434 19438 19530 19535 19550 19582 19893 19894 19896 19901 19902 19903 
	}
	weather={
	}
}
