
strategic_region={
	id=4
	name="STRATEGICREGION_4"
	provinces={
		104 328 381 387 484 751 840 970 1033 1037 1111 1149 1165 1191 1201 1251 1254 1381 1422 1555 1558 1584 1741 1745 1781 1816 1918 1953 2122 2159 2273 2446 2450 2485 2515 2627 2633 2834 3045 3059 3093 3177 3199 3248 3404 3505 3592 3639 3711 3729 3810 3918 3995 4007 4034 4053 4146 4202 4250 4314 4354 4539 4606 4617 4633 4721 4894 5054 5080 5273 5328 5344 5445 5484 5618 5637 5677 5690 5694 5760 5772 5799 5805 5819 5844 5970 6090 6142 6152 6206 6314 6382 7234 7329 7330 7371 7416 7434 7478 7491 7543 7638 7673 7701 7710 7760 7769 7793 7842 7867 7868 7958 8026 8050 8051 8065 8066 8128 8149 8168 8186 8195 8196 8212 8238 8249 8273 8274 8293 8301 8302 8303 8331 8332 8342 8359 8371 8378 8408 8432 8450 8530 8543 8557 8558 8606 8607 8634 8651 8652 8676 8693 8701 8728 8740 8764 8779 8786 8799 8813 8823 8824 8832 8900 8901 8936 8947 8974 8986 9012 9027 9061 9062 9063 9064 9065 9138 9146 9147 9171 9181 9198 9199 9237 9303 9326 9401 9433 9442 9451 9542 13017 13018 13789 14846 15603 15984 16224 16374 16387 16460 16620 16985 17103 17236 17448 17860 18221 18314 18426 18537 18552 18563 19162 19175 19198 19213 19253 19874 19876 19877 19880 19882 19887 19888 19889 19890 19891 19895 
	}
	weather={
	}
}
