
strategic_region={
	id=5
	name="STRATEGICREGION_5"
	provinces={
		8 56 63 76 103 107 164 226 236 246 285 306 332 342 344 426 439 444 466 473 476 512 539 646 690 700 702 750 763 790 803 839 962 991 1006 1032 1042 1062 1076 1085 1169 1208 1258 1284 1328 1344 1524 1574 1595 1598 1705 1710 1712 1761 1766 1782 1809 1908 1998 2003 2009 2019 2047 2048 2055 2060 2125 2205 2295 2375 2440 2448 2499 2506 2521 2580 2626 2729 2845 2891 2916 2949 2963 3062 3075 3089 3107 3161 3162 3232 3235 3241 3245 3285 3324 3351 3361 3390 3402 3419 3482 3534 3582 3588 3607 3619 3644 3663 3694 3735 3790 3800 3856 3861 3868 3874 3906 3925 3940 3959 3990 4035 4039 4061 4124 4133 4150 4161 4182 4199 4234 4237 4316 4336 4499 4511 4557 4561 4572 4590 4634 4655 4668 4703 4708 4712 4716 4719 4729 4786 4792 4807 4859 4899 4912 4961 4962 4989 5019 5049 5075 5110 5127 5161 5164 5175 5180 5183 5184 5232 5268 5280 5301 5304 5336 5338 5391 5440 5494 5508 5515 5626 5721 5752 5759 5786 5817 5823 5830 5864 5980 5988 5994 6032 6034 6037 6045 6048 6059 6094 6107 6154 6157 6160 6163 6167 6180 6226 6228 6326 6327 6377 6409 9013 9101 9127 9148 9214 9270 9271 9327 9344 9388 9422 9488 9553 9580 9594 9609 9610 9633 9651 9680 9693 9715 9775 9776 9787 9793 9816 9873 9895 9908 9909 9910 9929 9930 9931 9956 9981 10025 10032 10047 10122 10138 10149 10150 10151 10163 10197 10198 10207 10219 10235 10236 10247 10259 10260 10261 10267 10268 10269 10302 10314 10328 10329 10345 10352 10361 10373 10379 10386 10401 10402 10403 10442 10443 10444 10445 10453 10454 10473 10478 10488 10489 10502 10503 10504 10507 10533 10548 10549 10559 10567 10578 10588 10603 10616 10628 10646 10657 10658 10659 10660 10668 10669 10670 10683 10732 10733 10750 10765 10827 10828 10849 10859 10860 10875 10883 10888 10910 10919 10930 10931 10964 10965 10966 10974 10975 10987 10994 11005 11017 11030 11031 11044 11045 11054 11063 11088 11099 11112 11113 11138 11153 11165 11166 11167 11189 11200 11210 11211 11219 11220 11227 11238 11249 11265 11317 11340 11360 11381 11389 11405 11413 11456 11466 11517 11518 11551 11563 11582 11606 11614 11631 11718 11729 11730 11776 11801 11813 11814 11830 11844 11876 11884 11893 11914 11948 11960 11967 11981 12039 12061 12062 12076 12094 12160 12167 12168 12220 12221 12227 12236 12257 12265 12298 12312 12327 12345 12356 12357 12372 12373 12404 12414 12484 12498 12504 12527 12535 12556 12557 12601 12602 12633 12634 12719 12737 12772 13188 15346 17303 17789 18615 19313 19382 19426 19450 19872 19873 19897 19898 
	}
	weather={
	}
}
