
strategic_region={
	id=6
	name="STRATEGICREGION_6"
	provinces={
		13 37 72 83 101 111 118 140 175 183 193 197 201 242 260 267 275 298 347 382 386 402 414 416 429 430 435 468 472 475 483 511 520 564 570 571 599 609 630 633 645 657 682 703 805 807 878 883 916 920 982 1002 1008 1030 1050 1063 1068 1081 1091 1121 1127 1145 1159 1164 1225 1249 1263 1274 1276 1285 1294 1315 1317 1321 1343 1358 1426 1428 1432 1439 1472 1473 1532 1573 1588 1605 1627 1676 1677 1703 1706 1717 1759 1783 1787 1798 1823 1852 1885 1897 1914 1920 1930 1943 1969 1973 1991 2002 2013 2042 2051 2069 2096 2097 2103 2123 2129 2130 2204 2211 2231 2253 2271 2286 2306 2315 2316 2322 2325 2399 2414 2426 2452 2453 2459 2490 2501 2524 2525 2534 2553 2554 2555 2574 2586 2601 2614 2619 2634 2685 2689 2694 2695 2719 2726 2731 2803 2819 2841 2853 2855 2865 2882 2893 2918 2925 2930 2938 2944 2948 2965 2968 2972 2993 3013 3015 3019 3023 3030 3033 3042 3049 3098 3122 3142 3164 3169 3218 3221 3237 3253 3261 3266 3275 3278 3296 3301 3323 3340 3341 3344 3348 3363 3395 3401 3420 3436 3445 3472 3504 3514 3517 3529 3545 3547 3558 3564 3567 3579 3586 3589 3614 3631 3659 3672 3692 3698 3717 3722 3726 3728 3739 3748 3750 3753 3755 3767 3782 3818 3824 3905 3916 3921 3946 3971 3972 4013 4043 4055 4056 4059 4063 4082 4086 4117 4128 4140 4180 4204 4219 4221 4242 4249 4263 4269 4284 4288 4292 4311 4331 4340 4351 4355 4358 4362 4372 4374 4381 4394 4407 4414 4418 4436 4453 4464 4475 4534 4538 4570 4623 4644 4654 4664 4673 4676 4690 4701 4726 4730 4743 4752 4769 4808 4816 4818 4819 4825 4831 4840 4848 4871 4900 4946 4956 4972 4981 5015 5022 5034 5052 5071 5104 5120 5169 5188 5192 5197 5213 5230 5248 5252 5259 5286 5288 5295 5313 5318 5333 5334 5347 5361 5384 5412 5413 5422 5468 5481 5536 5539 5561 5576 5603 5606 5698 5708 5773 5791 5793 5798 5824 5832 5840 5865 5872 5884 5907 5941 5944 6010 6070 6081 6087 6143 6169 6201 6227 6253 6258 6268 6295 6306 6324 6336 6358 6364 6366 6421 6758 6759 6772 6782 6783 6808 6812 6816 6820 6821 6822 6823 6824 6838 6844 6845 6853 6854 6858 6869 6870 6885 6890 6894 6909 6916 6917 6918 6919 6923 6931 6942 6957 6958 6959 6972 6993 6994 7010 7027 7042 7045 7060 7061 7062 7063 7071 7074 7078 7088 7089 7090 7100 7115 7116 7117 7126 7127 7140 7141 7159 7160 7169 7182 7188 7196 7197 7211 7212 7213 7223 7230 7231 7232 7233 7269 7277 7285 7286 7288 7289 7301 7302 7303 7304 7317 7328 7340 7347 7348 7349 7357 7370 7390 7391 7396 7402 7403 7404 7415 7432 7450 7451 7467 7468 7476 7477 7497 7510 7511 7512 7540 7541 7562 7576 7577 7593 7594 7595 7603 7609 7621 7627 7628 7629 7637 7653 7660 7667 7668 7672 7687 7698 7699 7700 7709 7724 7725 7738 7747 7748 7767 7768 7774 7781 7813 7814 7826 7827 7841 7857 7858 7866 7876 7877 7885 7886 7887 7896 7918 7927 7928 7929 7956 7957 7975 7976 7977 7990 7991 8009 8010 8024 8025 8064 8117 8118 8119 8127 8148 8184 8185 8194 8210 8211 8223 8224 8235 8236 8237 8247 8248 8261 8262 8272 8292 8341 8356 8357 8358 8366 8377 8420 8431 8448 8449 8463 8469 8494 8519 8529 8542 8556 8570 8582 8583 8597 8605 8622 8633 8650 8662 8692 8712 8713 8719 8739 8762 8763 8785 8798 8812 8822 8853 8861 8873 8884 8899 8916 8917 8925 8935 8959 8973 8997 9011 9026 9040 9060 9079 9100 9126 9145 9162 9196 9197 9213 9224 9236 9266 9267 9268 9269 9282 9313 9342 9343 9362 9373 9386 9387 9400 9414 9466 9506 9577 9578 9579 9593 9632 9663 9677 9678 9679 9692 9773 9774 9849 9871 9872 9883 9894 9974 9994 10076 10095 10112 10121 10136 10137 10217 10218 10257 10258 10326 10327 10360 10414 10440 10441 10452 10472 10501 10526 10558 10566 10577 10667 10716 10731 10764 10791 10848 10874 10952 10953 10986 11016 11043 11053 11062 11111 11127 11176 11177 11226 11264 11284 11309 11339 11380 11395 11404 11441 11442 11479 11488 11533 11542 11543 11561 11562 11569 11581 11630 11640 11641 11642 11656 11674 11702 11708 11709 11717 11753 11754 11767 11775 11812 11820 11843 11847 11867 11892 11896 11903 11924 11935 11959 11979 11980 11996 12017 12030 12038 12045 12049 12074 12075 12119 12130 12131 12140 12159 12184 12219 12235 12250 12264 12283 12311 12325 12326 12365 12386 12413 12424 12451 12492 12514 12520 12526 12546 12570 12594 12600 12618 12624 12648 12659 12684 12693 12736 12741 12760 12783 12784 12796 12820 12826 12835 12868 12959 12978 12985 12989 12991 12996 13005 13011 13013 13740 15145 15204 15312 15419 15602 15731 15922 16134 16495 16855 17298 17572 17666 17727 17889 18104 18280 18414 18424 19060 19078 19087 19107 19137 19150 19153 19164 19178 19197 19248 19286 19875 19878 19879 19881 19883 19884 19885 19892 19899 19900 
	}
	weather={
	}
}
