
strategic_region={
	id=7
	name="STRATEGICREGION_7"
	provinces={
		1751 1832 6066 7433 7542 13200 13223 13273 13280 13298 13385 13397 13446 13495 13504 13576 13597 13670 13723 13725 13737 13749 13768 13793 13802 13907 13983 14015 14022 14071 14080 14137 14202 14247 14268 14277 14287 14369 14414 14429 14477 14580 14734 14752 14878 14883 14890 14919 14981 14982 14989 15020 15023 15114 15136 15157 15250 15268 15287 15294 15347 15358 15373 15383 15394 15414 15431 15441 15463 15475 15510 15544 15555 15586 15592 15599 15624 15634 15747 15797 15798 15856 15966 15969 15981 15994 15995 15998 16014 16030 16036 16081 16121 16137 16148 16199 16208 16216 16248 16308 16315 16328 16362 16417 16448 16536 16559 16617 16623 16659 16677 16689 16766 16776 16779 16800 16802 16876 16919 16950 16986 16996 17019 17040 17053 17099 17151 17172 17198 17207 17243 17308 17354 17364 17365 17376 17378 17402 17473 17478 17481 17487 17494 17508 17514 17522 17568 17595 17637 17667 17671 17690 17693 17723 17742 17743 17778 17780 17781 17800 17801 17806 17851 17874 17919 17921 17940 17971 17989 17994 18026 18053 18080 18120 18134 18178 18198 18242 18248 18250 18303 18313 18329 18344 18374 18386 18389 18399 18401 18446 18457 18469 18475 18482 18494 18504 18506 18540 18543 18579 19066 19071 19077 19079 19080 19082 19096 19105 19113 19114 19117 19123 19125 19128 19132 19133 19145 19148 19151 19161 19165 19191 19192 19203 19212 19215 19219 19225 19228 19246 19251 19258 19266 19271 19283 19291 19315 19317 19322 19326 19328 19345 19346 19352 19354 19369 19381 19400 19404 19407 19416 19417 19463 19467 19468 19479 19483 19498 19509 19534 19554 19560 19575 19635 
	}
	weather={
	}
}
